CB01: [1.630644, -1.284134, -0.647516]
EXIT: [6.226548, 2.764166, -0.293900]
PP01: [2.230017, -0.236860, 1.139446]
SH01: [5.362272, 1.069398, -1.999021]
SH02: [3.029017, 3.906998, -1.953743]
START: [0.428205, -0.269172, -0.389839]
WP01: [1.476324, -0.527315, -0.384335]
WP02: [1.933962, -1.183902, -0.359720]
WP03: [2.556035, -0.509654, 1.176320]
WP04: [2.812224, -2.577224, -0.381267]
WP05: [3.635695, -0.357829, -1.960972]
WP06: [2.837101, 1.111444, 2.803747]
WP07: [4.178508, 0.642037, -1.938907]
WP08: [5.082794, 2.918200, -0.372567]
WP09: [5.058170, 3.624341, 1.214614]
WP10: [4.302019, 4.051642, -0.311947]
WP11: [3.424855, 3.338010, -2.005571]
WP12: [1.558276, 1.697331, 1.091259]
WS01: [2.369583, -1.362765, -0.350654]
WS02: [3.105693, -2.940971, -0.398938]
WS03: [3.821055, -1.072933, -0.388021]
WS04: [4.229854, -0.073630, -0.382058]
WS05: [3.326366, 2.370816, -1.984544]
WS06: [5.157744, 4.268809, 1.237564]
WS07: [4.045081, 4.644368, 1.254825]
WS08: [3.249244, 2.123061, -1.975720]
WS09: [1.845512, 2.618304, 1.223070]
WS10: [3.452744, 4.698404, 1.235098]
WS11: [1.329501, 1.070743, 1.117072]
