# Plane constraints for workspace finder
# Generated by calibrate_workspace_finder.py script
normal_x: 0.005991143174469471
normal_y: -0.9185747504234314
normal_z: -0.39520180225372314
distance: 0.6267260909080505
