WS01: [0.792448, 0.856915, -3.098252]
WS02: [0.808180, -0.841495, 3.129649]
WS03: [1.169081, -0.002242, 0.041937]
WS04: [2.958523, 0.029224, -3.123961]
WS05: [3.025421, 0.838929, -0.023698]
WS06: [3.019011, -0.872886, -0.002353]
WS07: [3.017190, -0.023283, -0.022885]
