WS01: [1.163921, 0.821132, -3.132879]
WS02: [1.129762, -0.902721, -3.130053]
WS03: [1.355780, -0.038533, 0.012777]
WS04: [3.199644, -0.048046, -3.126862]
SH01: [3.449882, 0.803738, 0.010870]
SH02: [3.391613, -0.868332, -0.036073]
PP01: [3.450745, -0.035860, -0.018807]
START: [0.390887, -0.010050, -0.006785]
EXIT: [0.401478, -0.016810, 3.140276]
