START: [0.030098, -0.004041, -0.022122]
T1: [0.488818, -1.112598, -0.022122]
T2: [1.703365, 0.000302, -0.022122]
T3: [2.814022, -0.679306, -0.022122]
T4: [2.120731, 1.453556, -0.022122]
T5: [2.592445, 3.628964, -0.022122]
S1: [2.323134, -0.658769, -1.592919]
S2: [2.494728, 0.336972, -0.022122]
S3: [2.449107, 1.200639, -0.022122]
S4: [1.732843, 1.465442, -1.592919]
S5: [2.496199, 2.051139, -0.022122]
S6: [2.519598, 3.054569, -0.022122]
S7: [1.697654, 2.840545, -1.592919]
S8: [1.669879, 2.957402, 1.548673]
S9: [1.479052, 4.485398, -3.163715]
C1: [2.824675, 4.056813, 1.548673]
C2: [2.431508, 4.071883, 1.548673]
C3: [3.086853, 4.059812, 1.548673]
C4: [0.235013, 0.034338, -0.022122]
C5: [0.803939, -0.577852, 1.548673]
EXIT: [0.102013, -0.001105, -3.163715]
