CB01: [0.311, 1.456, 1.086]
EXIT: [-3.765, -1.177, -0.498]
# PP01: [-3.020, -1.455, 1.107]
SH01: [0.397, 0.970, -0.476]
SH02: [-0.596, -0.712, -0.467]
START: [-3.765, -1.177, -0.498]
WS01: [-1.561, -0.455, 1.155]
WS02: [-1.107, -2.765, 1.057]
WS07: [-0.909, -0.807, -1.98]
WS04: [-2.832, -2.527, 2.695]
WS09: [-0.175, 2.681, 2.612]
WS03: [-0.257, 1.855, -2.117] 
WS11: [-0.865, 0.789, 1.066]                                                                              
WS08: [-0.921, 0.742, -2.147]
WS06: [-0.058, 0.111, -0.504] 
WS10: [-1.180, -2.916, -2.026] 
WS05: [-1.180, -2.916, -2.026] 
CB02: [0.359432, 1.378221, 1.282051]
PP01: [-3.032184, -1.517231, 1.075473]
