START: [-0.130238, -0.421418, -0.002566]
S1: [0.005631, 0.032591, 0.004657]
S2: [1.324525, -0.053149, 3.130178]
S3: [2.210174, -1.226593, 0.028744]
S3: [2.240929, -1.448943, -3.121271]
S5: [2.263115, 0.099190, -0.004957]
S6: [2.290570, 1.051172, -0.040110]
S7: [2.316022, 2.082604, -0.019456]
S8: [1.536507, 1.305456, -1.559233]
S9: [1.420870, 1.493986, 1.580409]
S10: [1.956018, 2.847764, 3.128412]
S11: [2.430410, 2.812501, -0.021523]
S12: [1.557698, 4.146757, -1.639249]
C2: [1.626127, 4.510708, -0.095508]
C1: [2.663802, 3.883665, 1.541632]
T2: [2.910455, 3.582116, -0.036011]
EXIT: [0.752363, -1.425673, -1.592303]
