T1: [2.692589, -1.472256, 3.141592]
T2: [2.594428, -2.288377, 3.141592]
T3: [2.805912, -0.524720, 3.141592]
T4: [2.037811, -1.457557, 3.141592]
T5: [1.495151, -1.449447, 3.141592]
T6: [0.972465, -1.496122, 3.141592]
T7: [1.064611, -0.674452, 0.000000]
T8: [1.054239, -2.292328, 0.000000]
T9: [0.588097, -2.362181, 3.141592]
S1: [-0.139498, -2.358101, 3.141592]
S2: [-1.025070, -2.255577, 3.141592]
S3: [-0.912094, -1.500100, 0.000000]
S4: [-1.006032, -1.455174, 3.141592]
S5: [-1.024880, -0.579002, 3.141592]
S6: [0.080652, -0.600723, 3.141592]
S7: [0.345825, 0.003272, 3.141592]
S8: [-0.455544, 0.311824, 3.141592]
EXIT: [2.692589, -1.472256, 3.141592]
