T3: [2.510249, 1.790484, -3.019895]
T1: [2.606169, 0.859232, -3.041322]
T2: [2.671825, 0.069476, -3.072984]
T4: [2.008533, 0.806719, -3.024286]
T5: [1.449750, 0.648180, -2.973464]
T6: [0.973011, 0.477833, -2.972283]
T8: [1.265243, -0.273653, -2.947683]
T5: [0.806420, -0.480096, -2.984829]
S1: [0.122204, -0.620677, -2.987439]
S2: [-0.726564, -0.706701, -2.948409]
S4: [-0.901907, 0.107286, -2.955635]
S3: [-0.778140, 0.084673, -2.952887]
S5: [-1.156511, 0.912152, -2.882370]
S6: [-0.092696, 1.193802, -2.945398]
S7: [0.087694, 1.811246, -2.950660]
T7: [0.906204, 1.258743, -2.971813]
EXIT: [2.606169, 0.859232, -3.041322]
