NORTH: 1.622835
EAST: -0.032636
SOUTH: -1.517378
WEST: -3.056143
