N: 1.769851
S: -1.371741
E: 0.199055
W: -2.942537
