N: -1.569351
S: 1.572241
E: 3.129922
W: -0.011670
