S1: [-0.166547, 1.605715, 0.200554]
C1: [-0.937685, 1.131069, 1.769851]
T1: [-0.078934, 0.599590, 1.811202]
T2: [-0.784068, 0.066875, 1.774071]
S2: [0.116859, -0.026104, 0.246945]
T3: [-0.580639, -0.671909, 1.777452]
T4: [0.286847, -0.660958, 1.790402]
T5: [-0.450033, -1.165216, 1.763030]
S3: [0.440350, -1.065786, 0.209609]
S4: [0.431440, -1.082994, -1.318294]
S5: [-0.378146, -1.233417, -1.329719]
EXIT: [0.737424, 0.997030, 0.213224]
