WS09: [-0.716035, 0.735450, 1.645565]
SH01: [-0.013617, 0.897553, 1.706556]
WS06: [-0.131583, -0.131848, 0.150075]
WS08: [-1.176624, -0.517335, -1.416955]
SH02: [0.944952, 1.082722, 1.674712]
WS10: [1.774499, 1.737237, 0.212227]
WS03: [1.884233, 0.951409, 0.175603]
WS05: [1.742884, 0.091321, -2.980876]
WS01: [4.114032, 0.354484, 0.138617]
WS02: [3.252519, 1.304958, 1.705268]
WS04: [4.444977, 1.856278, -1.431042]
PP01: [3.366584, 0.366124, -1.326591]
