START: [-0.008232, 0.019237, -0.030151]
S1: [0.649740, -1.813557, -1.565969]
S2: [1.236927, -0.774365, 3.129922]
S3: [1.755064, 0.908322, 0.014965]
S4: [1.254936, 0.880533, 3.088206]
T1: [1.909554, -0.749594, -1.565969]
T2: [1.012177, 0.085625, 1.513690]
T3: [-0.050946, -0.727681, 1.571945]
T4: [1.174651, 1.792797, -0.035233]
C1: [2.033057, -1.781479, -1.582141]
EXIT: [0.585009, -1.641885, -3.125502]
