N: 3.141592
S: 0.000000
E: 1.570796
W: -1.570796
