START: [-2.379564, -1.927220, 0.200516]
EXIT: [-2.558955, -2.013521, -2.905922]
PP01: [-1.543816, 1.678261, -2.915884] 
SH01: [0.073335, 0.091365, 0.200720]
TT01: [-1.272294, 2.757581, -3.005513]
WS01: [0.258210, -0.775533, 0.285653]
WS02: [-0.585339, 0.284967, 1.734607]
WS03: [-1.241766, 0.087791, -2.946508]
WS04: [0.133065, -0.827852, -2.888664]
WS05: [0.199427, -2.118128, -1.359984]
WS06: [-0.751369, -2.301563, -1.344518]
WS07: [-0.908005, 1.587222, -1.353037]
WS08: [-1.180668, -1.074378, 0.209383]
WS09: [-0.953177, 2.748533, 1.770462]
DRAWER: [-0.349586, -1.885241, 0.233188]
