C1: [3.681, 0.824, 0.0]
S1: [1.875, 0.903, 3.141592]
S2: [1.986, -0.641, 3.141592]
S3: [1.783, 0.116, 0.0]
S4: [3.582, 0.110, 3.141592]
S5: [3.549, -0.520, 0.0]
T1: [0.072563, 0.817598, 3.141592]
T2: [0.655092, 0.003740, 3.141592]
T3: [-0.080212, -0.964062, 3.141592]
T4: [2.194901, 0.986911, 3.141592]
T5: [2.968244, 0.982865, 3.141592]
T6: [2.644167, -0.787193, 3.141592]
T7: [2.396119, -1.373235, 3.141592]
T8: [1.675584, 0.094427, 3.141592]
EXIT: [0.032080, 0.002597, 3.141592]
