S1: [3.810599, -0.521189, 0.0]
S2: [3.870796, 0.828440, 0.0]
S3: [3.344356, 0.101195, 3.141592]
S4: [1.747928, -0.644712, 3.141592]
S5: [1.963379, 0.143998, 0.0]
S6: [1.762715, 1.011523, 3.141592]
S7: [2.194901, 0.986911, 3.141592]
S8: [2.968244, 0.982865, 0.0]
S9: [2.644167, -0.787193, -3.141592]
S10: [2.396119, -1.373235, -3.141592]
S11: [1.675584, 0.094427, -3.141592]
S12: [0.655092, 0.003740, 3.141592]
S13: [0.032080, 0.002597, 3.141592]
S14: [0.072563, 0.817598, 3.141592]
S15: [-0.080212, -0.964062, 3.141592]
