EXIT: [6.226548, 2.764166, -0.293900]
PP01: [2.354591, -0.155692, 1.165560]
SH02: [2.952734, 3.920300, 2.713827]
START: [0.428205, -0.269172, -0.389839]
WS01: [2.515702, -1.459218, -0.373664]
WS02: [3.054598, -2.992289, -0.384457]
WS03: [3.928046, -1.160774, -0.360269]
WS04: [4.397140, -0.131834, -0.409254]
WS05: [3.417326, 2.224693, -0.406030]
WS06: [5.160746, 4.248116, 1.207461]
WS07: [4.027538, 4.723246, 1.175857]
WS08: [3.091582, 2.044479, 2.730587]
WS09: [1.925871, 2.584877, -0.373485]
WS10: [3.499582, 4.739676, 2.005892]
WS11: [1.293839, 1.193452, 2.779197]
CB01: [1.643017, -1.375168, -2.022488]
LT11: [1.189014, 1.149696, 2.795813]
SH01: [5.177283, 1.079282, -1.937276]
