EAST: 1.195816
NORTH: 2.806601
SOUTH: -0.447220
WEST: -1.971739
